2009 	 italy	num_of_pub	perc_if	av_if	perc_alt	av_alt	perc_cit	av_cit	perc_reccit	av_reccit	perc_fcr	av_fcr	perc_rcr	av_rcr	perc_cima	av_cima
	any	197.0	57.0	4.93	0.0	0.0	0.0	0.0	0.0	0.0	0.0	0.0	0.0	0.0	0.0	0.0
	covid	0.0	0.0	0.0	0.0	0.0	0.0	0.0	0.0	0.0	0.0	0.0	0.0	0.0	0.0	0.0
	data_sharing	0.0	0.0	0.0	0.0	0.0	0.0	0.0	0.0	0.0	0.0	0.0	0.0	0.0	0.0	0.0
	diet	0.0	0.0	0.0	0.0	0.0	0.0	0.0	0.0	0.0	0.0	0.0	0.0	0.0	0.0	0.0
	digital	0.0	0.0	0.0	0.0	0.0	0.0	0.0	0.0	0.0	0.0	0.0	0.0	0.0	0.0	0.0
	exercise	3.0	100.0	4.81	0.0	0.0	0.0	0.0	0.0	0.0	0.0	0.0	0.0	0.0	0.0	0.0
	pediatric	5.0	40.0	3.51	0.0	0.0	0.0	0.0	0.0	0.0	0.0	0.0	0.0	0.0	0.0	0.0
	personalized_medicine	0.0	0.0	0.0	0.0	0.0	0.0	0.0	0.0	0.0	0.0	0.0	0.0	0.0	0.0	0.0
	prevention	7.0	43.0	4.75	0.0	0.0	0.0	0.0	0.0	0.0	0.0	0.0	0.0	0.0	0.0	0.0
	progressive	29.0	62.0	5.8	0.0	0.0	0.0	0.0	0.0	0.0	0.0	0.0	0.0	0.0	0.0	0.0
	rare	3.0	67.0	5.54	0.0	0.0	0.0	0.0	0.0	0.0	0.0	0.0	0.0	0.0	0.0	0.0
	rehab	6.0	83.0	2.58	0.0	0.0	0.0	0.0	0.0	0.0	0.0	0.0	0.0	0.0	0.0	0.0
	symptoms	28.0	54.0	5.12	0.0	0.0	0.0	0.0	0.0	0.0	0.0	0.0	0.0	0.0	0.0	0.0
	vaccines	0.0	0.0	0.0	0.0	0.0	0.0	0.0	0.0	0.0	0.0	0.0	0.0	0.0	0.0	0.0
2010 	 italy	num_of_pub	perc_if	av_if	perc_alt	av_alt	perc_cit	av_cit	perc_reccit	av_reccit	perc_fcr	av_fcr	perc_rcr	av_rcr	perc_cima	av_cima
	any	223.0	49.0	5.85	0.0	0.0	0.0	0.0	0.0	0.0	0.0	0.0	0.0	0.0	0.0	0.0
	covid	0.0	0.0	0.0	0.0	0.0	0.0	0.0	0.0	0.0	0.0	0.0	0.0	0.0	0.0	0.0
	data_sharing	1.0	0.0	0.0	0.0	0.0	0.0	0.0	0.0	0.0	0.0	0.0	0.0	0.0	0.0	0.0
	diet	2.0	50.0	4.47	0.0	0.0	0.0	0.0	0.0	0.0	0.0	0.0	0.0	0.0	0.0	0.0
	digital	0.0	0.0	0.0	0.0	0.0	0.0	0.0	0.0	0.0	0.0	0.0	0.0	0.0	0.0	0.0
	exercise	3.0	33.0	2.91	0.0	0.0	0.0	0.0	0.0	0.0	0.0	0.0	0.0	0.0	0.0	0.0
	pediatric	11.0	64.0	6.63	0.0	0.0	0.0	0.0	0.0	0.0	0.0	0.0	0.0	0.0	0.0	0.0
	personalized_medicine	0.0	0.0	0.0	0.0	0.0	0.0	0.0	0.0	0.0	0.0	0.0	0.0	0.0	0.0	0.0
	prevention	6.0	83.0	4.17	0.0	0.0	0.0	0.0	0.0	0.0	0.0	0.0	0.0	0.0	0.0	0.0
	progressive	39.0	33.0	6.9	0.0	0.0	0.0	0.0	0.0	0.0	0.0	0.0	0.0	0.0	0.0	0.0
	rare	1.0	100.0	3.48	0.0	0.0	0.0	0.0	0.0	0.0	0.0	0.0	0.0	0.0	0.0	0.0
	rehab	9.0	44.0	2.97	0.0	0.0	0.0	0.0	0.0	0.0	0.0	0.0	0.0	0.0	0.0	0.0
	symptoms	31.0	39.0	5.92	0.0	0.0	0.0	0.0	0.0	0.0	0.0	0.0	0.0	0.0	0.0	0.0
	vaccines	2.0	100.0	5.31	0.0	0.0	0.0	0.0	0.0	0.0	0.0	0.0	0.0	0.0	0.0	0.0
2011 	 italy	num_of_pub	perc_if	av_if	perc_alt	av_alt	perc_cit	av_cit	perc_reccit	av_reccit	perc_fcr	av_fcr	perc_rcr	av_rcr	perc_cima	av_cima
	any	220.0	59.0	5.12	0.0	0.0	0.0	0.0	0.0	0.0	0.0	0.0	0.0	0.0	0.0	0.0
	covid	0.0	0.0	0.0	0.0	0.0	0.0	0.0	0.0	0.0	0.0	0.0	0.0	0.0	0.0	0.0
	data_sharing	0.0	0.0	0.0	0.0	0.0	0.0	0.0	0.0	0.0	0.0	0.0	0.0	0.0	0.0	0.0
	diet	2.0	50.0	2.45	0.0	0.0	0.0	0.0	0.0	0.0	0.0	0.0	0.0	0.0	0.0	0.0
	digital	0.0	0.0	0.0	0.0	0.0	0.0	0.0	0.0	0.0	0.0	0.0	0.0	0.0	0.0	0.0
	exercise	4.0	50.0	4.85	0.0	0.0	0.0	0.0	0.0	0.0	0.0	0.0	0.0	0.0	0.0	0.0
	pediatric	5.0	60.0	5.98	0.0	0.0	0.0	0.0	0.0	0.0	0.0	0.0	0.0	0.0	0.0	0.0
	personalized_medicine	0.0	0.0	0.0	0.0	0.0	0.0	0.0	0.0	0.0	0.0	0.0	0.0	0.0	0.0	0.0
	prevention	14.0	64.0	5.0	0.0	0.0	0.0	0.0	0.0	0.0	0.0	0.0	0.0	0.0	0.0	0.0
	progressive	31.0	61.0	6.17	0.0	0.0	0.0	0.0	0.0	0.0	0.0	0.0	0.0	0.0	0.0	0.0
	rare	5.0	80.0	4.38	0.0	0.0	0.0	0.0	0.0	0.0	0.0	0.0	0.0	0.0	0.0	0.0
	rehab	9.0	56.0	3.26	0.0	0.0	0.0	0.0	0.0	0.0	0.0	0.0	0.0	0.0	0.0	0.0
	symptoms	19.0	32.0	4.67	0.0	0.0	0.0	0.0	0.0	0.0	0.0	0.0	0.0	0.0	0.0	0.0
	vaccines	0.0	0.0	0.0	0.0	0.0	0.0	0.0	0.0	0.0	0.0	0.0	0.0	0.0	0.0	0.0
2012 	 italy	num_of_pub	perc_if	av_if	perc_alt	av_alt	perc_cit	av_cit	perc_reccit	av_reccit	perc_fcr	av_fcr	perc_rcr	av_rcr	perc_cima	av_cima
	any	228.0	62.0	5.02	0.0	0.0	0.0	0.0	0.0	0.0	0.0	0.0	0.0	0.0	0.0	0.0
	covid	0.0	0.0	0.0	0.0	0.0	0.0	0.0	0.0	0.0	0.0	0.0	0.0	0.0	0.0	0.0
	data_sharing	0.0	0.0	0.0	0.0	0.0	0.0	0.0	0.0	0.0	0.0	0.0	0.0	0.0	0.0	0.0
	diet	2.0	50.0	9.75	0.0	0.0	0.0	0.0	0.0	0.0	0.0	0.0	0.0	0.0	0.0	0.0
	digital	0.0	0.0	0.0	0.0	0.0	0.0	0.0	0.0	0.0	0.0	0.0	0.0	0.0	0.0	0.0
	exercise	3.0	67.0	3.46	0.0	0.0	0.0	0.0	0.0	0.0	0.0	0.0	0.0	0.0	0.0	0.0
	pediatric	7.0	14.0	7.36	0.0	0.0	0.0	0.0	0.0	0.0	0.0	0.0	0.0	0.0	0.0	0.0
	personalized_medicine	0.0	0.0	0.0	0.0	0.0	0.0	0.0	0.0	0.0	0.0	0.0	0.0	0.0	0.0	0.0
	prevention	10.0	60.0	4.32	0.0	0.0	0.0	0.0	0.0	0.0	0.0	0.0	0.0	0.0	0.0	0.0
	progressive	29.0	45.0	4.72	0.0	0.0	0.0	0.0	0.0	0.0	0.0	0.0	0.0	0.0	0.0	0.0
	rare	2.0	50.0	1.88	0.0	0.0	0.0	0.0	0.0	0.0	0.0	0.0	0.0	0.0	0.0	0.0
	rehab	8.0	63.0	5.8	0.0	0.0	0.0	0.0	0.0	0.0	0.0	0.0	0.0	0.0	0.0	0.0
	symptoms	21.0	67.0	4.38	0.0	0.0	0.0	0.0	0.0	0.0	0.0	0.0	0.0	0.0	0.0	0.0
	vaccines	1.0	100.0	1.28	0.0	0.0	0.0	0.0	0.0	0.0	0.0	0.0	0.0	0.0	0.0	0.0
2013 	 italy	num_of_pub	perc_if	av_if	perc_alt	av_alt	perc_cit	av_cit	perc_reccit	av_reccit	perc_fcr	av_fcr	perc_rcr	av_rcr	perc_cima	av_cima
	any	279.0	61.0	5.14	0.0	0.0	0.0	0.0	0.0	0.0	0.0	0.0	0.0	0.0	0.0	0.0
	covid	0.0	0.0	0.0	0.0	0.0	0.0	0.0	0.0	0.0	0.0	0.0	0.0	0.0	0.0	0.0
	data_sharing	1.0	100.0	10.42	0.0	0.0	0.0	0.0	0.0	0.0	0.0	0.0	0.0	0.0	0.0	0.0
	diet	2.0	50.0	4.08	0.0	0.0	0.0	0.0	0.0	0.0	0.0	0.0	0.0	0.0	0.0	0.0
	digital	0.0	0.0	0.0	0.0	0.0	0.0	0.0	0.0	0.0	0.0	0.0	0.0	0.0	0.0	0.0
	exercise	7.0	71.0	3.0	0.0	0.0	0.0	0.0	0.0	0.0	0.0	0.0	0.0	0.0	0.0	0.0
	pediatric	5.0	40.0	6.58	0.0	0.0	0.0	0.0	0.0	0.0	0.0	0.0	0.0	0.0	0.0	0.0
	personalized_medicine	1.0	0.0	0.0	0.0	0.0	0.0	0.0	0.0	0.0	0.0	0.0	0.0	0.0	0.0	0.0
	prevention	14.0	64.0	5.14	0.0	0.0	0.0	0.0	0.0	0.0	0.0	0.0	0.0	0.0	0.0	0.0
	progressive	41.0	59.0	5.89	0.0	0.0	0.0	0.0	0.0	0.0	0.0	0.0	0.0	0.0	0.0	0.0
	rare	3.0	100.0	5.68	0.0	0.0	0.0	0.0	0.0	0.0	0.0	0.0	0.0	0.0	0.0	0.0
	rehab	11.0	73.0	4.81	0.0	0.0	0.0	0.0	0.0	0.0	0.0	0.0	0.0	0.0	0.0	0.0
	symptoms	23.0	65.0	3.71	0.0	0.0	0.0	0.0	0.0	0.0	0.0	0.0	0.0	0.0	0.0	0.0
	vaccines	1.0	100.0	9.91	0.0	0.0	0.0	0.0	0.0	0.0	0.0	0.0	0.0	0.0	0.0	0.0
2014 	 italy	num_of_pub	perc_if	av_if	perc_alt	av_alt	perc_cit	av_cit	perc_reccit	av_reccit	perc_fcr	av_fcr	perc_rcr	av_rcr	perc_cima	av_cima
	any	413.0	61.0	5.18	0.0	0.0	0.0	0.0	0.0	0.0	0.0	0.0	0.0	0.0	0.0	0.0
	covid	0.0	0.0	0.0	0.0	0.0	0.0	0.0	0.0	0.0	0.0	0.0	0.0	0.0	0.0	0.0
	data_sharing	1.0	100.0	3.18	0.0	0.0	0.0	0.0	0.0	0.0	0.0	0.0	0.0	0.0	0.0	0.0
	diet	5.0	60.0	4.72	0.0	0.0	0.0	0.0	0.0	0.0	0.0	0.0	0.0	0.0	0.0	0.0
	digital	0.0	0.0	0.0	0.0	0.0	0.0	0.0	0.0	0.0	0.0	0.0	0.0	0.0	0.0	0.0
	exercise	7.0	57.0	2.5	0.0	0.0	0.0	0.0	0.0	0.0	0.0	0.0	0.0	0.0	0.0	0.0
	pediatric	13.0	85.0	5.27	0.0	0.0	0.0	0.0	0.0	0.0	0.0	0.0	0.0	0.0	0.0	0.0
	personalized_medicine	2.0	100.0	3.08	0.0	0.0	0.0	0.0	0.0	0.0	0.0	0.0	0.0	0.0	0.0	0.0
	prevention	20.0	55.0	5.7	0.0	0.0	0.0	0.0	0.0	0.0	0.0	0.0	0.0	0.0	0.0	0.0
	progressive	50.0	54.0	5.79	0.0	0.0	0.0	0.0	0.0	0.0	0.0	0.0	0.0	0.0	0.0	0.0
	rare	5.0	40.0	3.26	0.0	0.0	0.0	0.0	0.0	0.0	0.0	0.0	0.0	0.0	0.0	0.0
	rehab	31.0	65.0	3.94	0.0	0.0	0.0	0.0	0.0	0.0	0.0	0.0	0.0	0.0	0.0	0.0
	symptoms	40.0	73.0	5.15	0.0	0.0	0.0	0.0	0.0	0.0	0.0	0.0	0.0	0.0	0.0	0.0
	vaccines	4.0	75.0	7.82	0.0	0.0	0.0	0.0	0.0	0.0	0.0	0.0	0.0	0.0	0.0	0.0
2015 	 italy	num_of_pub	perc_if	av_if	perc_alt	av_alt	perc_cit	av_cit	perc_reccit	av_reccit	perc_fcr	av_fcr	perc_rcr	av_rcr	perc_cima	av_cima
	any	452.0	62.0	5.25	0.0	0.0	0.0	19.0	0.0	6.0	0.0	3.34	0.0	0.86	0.0	0.0
	covid	0.0	0.0	0.0	0.0	0.0	0.0	0.0	0.0	0.0	0.0	0.0	0.0	0.0	0.0	0.0
	data_sharing	0.0	0.0	0.0	0.0	0.0	0.0	0.0	0.0	0.0	0.0	0.0	0.0	0.0	0.0	0.0
	diet	4.0	50.0	11.22	0.0	0.0	0.0	0.0	0.0	0.0	0.0	0.0	0.0	0.0	0.0	0.0
	digital	0.0	0.0	0.0	0.0	0.0	0.0	0.0	0.0	0.0	0.0	0.0	0.0	0.0	0.0	0.0
	exercise	10.0	70.0	3.81	0.0	0.0	0.0	0.0	0.0	0.0	0.0	0.0	0.0	0.0	0.0	0.0
	pediatric	19.0	68.0	4.93	0.0	0.0	0.0	0.0	0.0	0.0	0.0	0.0	0.0	0.0	0.0	0.0
	personalized_medicine	1.0	100.0	4.62	0.0	0.0	0.0	0.0	0.0	0.0	0.0	0.0	0.0	0.0	0.0	0.0
	prevention	12.0	75.0	5.91	0.0	0.0	0.0	0.0	0.0	0.0	0.0	0.0	0.0	0.0	0.0	0.0
	progressive	66.0	58.0	5.15	0.0	0.0	0.0	0.0	0.0	0.0	0.0	0.0	0.0	0.0	0.0	0.0
	rare	10.0	50.0	5.62	0.0	0.0	0.0	0.0	0.0	0.0	0.0	0.0	0.0	0.0	0.0	0.0
	rehab	32.0	59.0	5.31	0.0	0.0	0.0	0.0	0.0	0.0	0.0	0.0	0.0	0.0	0.0	0.0
	symptoms	25.0	52.0	4.4	0.0	0.0	4.0	19.0	4.0	6.0	4.0	3.34	4.0	0.86	0.0	0.0
	vaccines	2.0	100.0	18.13	0.0	0.0	0.0	0.0	0.0	0.0	0.0	0.0	0.0	0.0	0.0	0.0
2016 	 italy	num_of_pub	perc_if	av_if	perc_alt	av_alt	perc_cit	av_cit	perc_reccit	av_reccit	perc_fcr	av_fcr	perc_rcr	av_rcr	perc_cima	av_cima
	any	477.0	62.0	5.45	79.0	14.9	84.0	27.34	84.0	13.89	83.0	6.52	83.0	1.82	0.0	0.0
	covid	0.0	0.0	0.0	0.0	0.0	0.0	0.0	0.0	0.0	0.0	0.0	0.0	0.0	0.0	0.0
	data_sharing	2.0	100.0	5.22	100.0	11.0	100.0	23.5	100.0	16.0	100.0	7.36	100.0	1.68	0.0	0.0
	diet	7.0	57.0	6.73	57.0	121.75	57.0	60.25	57.0	39.75	57.0	12.19	57.0	3.17	0.0	0.0
	digital	0.0	0.0	0.0	0.0	0.0	0.0	0.0	0.0	0.0	0.0	0.0	0.0	0.0	0.0	0.0
	exercise	15.0	67.0	3.89	80.0	4.83	87.0	29.62	87.0	15.31	87.0	7.65	87.0	2.35	0.0	0.0
	pediatric	22.0	73.0	11.46	86.0	47.79	91.0	39.6	91.0	20.75	91.0	8.72	91.0	2.36	0.0	0.0
	personalized_medicine	6.0	50.0	5.08	67.0	7.25	67.0	23.25	67.0	10.75	67.0	5.77	67.0	1.25	0.0	0.0
	prevention	8.0	38.0	5.68	100.0	15.25	100.0	42.25	100.0	22.38	100.0	9.91	100.0	2.61	0.0	0.0
	progressive	61.0	54.0	6.14	82.0	14.72	89.0	42.57	89.0	21.56	89.0	10.68	89.0	2.75	0.0	0.0
	rare	13.0	69.0	4.74	69.0	3.78	85.0	19.91	85.0	10.0	85.0	5.11	85.0	1.22	0.0	0.0
	rehab	39.0	56.0	4.42	79.0	15.58	79.0	21.68	79.0	10.74	79.0	5.07	77.0	1.52	0.0	0.0
	symptoms	42.0	55.0	3.94	86.0	8.03	90.0	24.29	90.0	12.42	88.0	5.85	90.0	1.8	0.0	0.0
	vaccines	1.0	100.0	9.75	100.0	42.0	100.0	29.0	100.0	15.0	100.0	4.81	100.0	1.74	0.0	0.0
2017 	 italy	num_of_pub	perc_if	av_if	perc_alt	av_alt	perc_cit	av_cit	perc_reccit	av_reccit	perc_fcr	av_fcr	perc_rcr	av_rcr	perc_cima	av_cima
	any	496.0	61.0	4.81	83.0	17.05	97.0	25.18	97.0	16.83	95.0	7.44	96.0	1.99	0.0	0.0
	covid	0.0	0.0	0.0	0.0	0.0	0.0	0.0	0.0	0.0	0.0	0.0	0.0	0.0	0.0	0.0
	data_sharing	2.0	50.0	3.24	50.0	13.0	100.0	10.5	100.0	9.5	100.0	3.83	100.0	0.98	0.0	0.0
	diet	12.0	67.0	5.73	92.0	26.82	100.0	32.5	100.0	23.83	100.0	6.45	100.0	2.18	0.0	0.0
	digital	2.0	0.0	0.0	100.0	9.0	100.0	18.0	100.0	10.0	100.0	6.17	100.0	1.88	0.0	0.0
	exercise	12.0	92.0	3.22	75.0	5.33	100.0	20.92	100.0	16.0	100.0	7.17	100.0	2.29	0.0	0.0
	pediatric	21.0	62.0	6.11	81.0	31.53	100.0	17.43	100.0	12.62	95.0	5.14	100.0	1.28	0.0	0.0
	personalized_medicine	4.0	50.0	6.5	75.0	11.67	100.0	44.75	100.0	33.25	100.0	16.65	100.0	3.43	0.0	0.0
	prevention	13.0	23.0	5.59	77.0	8.7	85.0	34.73	85.0	20.36	85.0	11.7	85.0	2.81	0.0	0.0
	progressive	57.0	61.0	5.29	89.0	47.49	100.0	46.84	100.0	29.51	100.0	15.04	96.0	3.47	0.0	0.0
	rare	11.0	91.0	7.29	91.0	9.6	91.0	11.6	91.0	8.5	91.0	4.07	91.0	0.83	0.0	0.0
	rehab	50.0	60.0	3.78	88.0	6.57	100.0	17.1	100.0	11.44	94.0	5.54	100.0	1.5	0.0	0.0
	symptoms	34.0	59.0	4.04	79.0	5.59	94.0	20.22	94.0	13.44	94.0	5.95	94.0	1.76	0.0	0.0
	vaccines	0.0	0.0	0.0	0.0	0.0	0.0	0.0	0.0	0.0	0.0	0.0	0.0	0.0	0.0	0.0
2018 	 italy	num_of_pub	perc_if	av_if	perc_alt	av_alt	perc_cit	av_cit	perc_reccit	av_reccit	perc_fcr	av_fcr	perc_rcr	av_rcr	perc_cima	av_cima
	any	496.0	64.0	5.61	85.0	15.62	99.0	22.95	99.0	19.94	97.0	8.15	97.0	2.65	0.0	0.0
	covid	0.0	0.0	0.0	0.0	0.0	0.0	0.0	0.0	0.0	0.0	0.0	0.0	0.0	0.0	0.0
	data_sharing	4.0	75.0	5.63	100.0	8.5	100.0	7.0	100.0	6.0	100.0	2.67	100.0	0.85	0.0	0.0
	diet	13.0	54.0	8.52	100.0	54.92	100.0	35.31	100.0	30.15	100.0	10.07	100.0	3.72	0.0	0.0
	digital	2.0	50.0	4.34	100.0	8.5	100.0	22.5	100.0	22.0	100.0	10.68	100.0	2.76	0.0	0.0
	exercise	19.0	74.0	4.24	84.0	8.75	100.0	14.53	100.0	12.26	100.0	5.74	100.0	2.2	0.0	0.0
	pediatric	13.0	69.0	4.72	85.0	20.73	100.0	21.54	100.0	19.62	100.0	9.68	100.0	1.97	0.0	0.0
	personalized_medicine	2.0	50.0	4.34	100.0	37.5	100.0	38.0	100.0	32.5	100.0	12.49	100.0	6.13	0.0	0.0
	prevention	12.0	67.0	7.66	92.0	8.45	92.0	12.0	92.0	10.73	92.0	4.48	92.0	1.35	0.0	0.0
	progressive	76.0	75.0	5.85	89.0	9.63	100.0	19.04	100.0	16.34	100.0	6.91	99.0	2.12	0.0	0.0
	rare	13.0	38.0	6.6	85.0	10.91	100.0	33.23	100.0	29.23	100.0	11.61	100.0	3.8	0.0	0.0
	rehab	46.0	70.0	4.92	89.0	23.9	100.0	22.22	100.0	19.41	100.0	9.51	100.0	2.92	0.0	0.0
	symptoms	37.0	51.0	4.68	89.0	14.82	100.0	16.68	100.0	13.95	100.0	5.88	97.0	1.97	0.0	0.0
	vaccines	3.0	100.0	5.23	100.0	27.33	100.0	13.33	100.0	11.33	100.0	6.13	100.0	1.53	0.0	0.0
2019 	 italy	num_of_pub	perc_if	av_if	perc_alt	av_alt	perc_cit	av_cit	perc_reccit	av_reccit	perc_fcr	av_fcr	perc_rcr	av_rcr	perc_cima	av_cima
	any	530.0	70.0	5.6	83.0	16.88	99.0	21.03	99.0	18.87	98.0	7.58	95.0	2.28	100.0	2.04
	covid	0.0	0.0	0.0	0.0	0.0	0.0	0.0	0.0	0.0	0.0	0.0	0.0	0.0	0.0	0.0
	data_sharing	3.0	100.0	2.92	100.0	8.33	100.0	20.0	100.0	17.67	100.0	7.19	100.0	1.81	100.0	2.33
	diet	15.0	73.0	13.03	100.0	159.0	100.0	109.33	100.0	105.53	100.0	44.4	100.0	9.65	100.0	2.87
	digital	1.0	100.0	4.0	100.0	10.0	100.0	26.0	100.0	26.0	100.0	11.67	100.0	3.77	100.0	1.0
	exercise	20.0	70.0	4.25	85.0	5.88	100.0	11.4	100.0	10.8	100.0	5.19	100.0	1.54	100.0	1.65
	pediatric	24.0	63.0	7.13	88.0	19.33	100.0	22.21	100.0	19.92	96.0	7.37	100.0	2.11	100.0	2.75
	personalized_medicine	7.0	86.0	6.9	100.0	8.29	100.0	15.86	100.0	14.43	100.0	5.18	100.0	1.56	100.0	1.71
	prevention	12.0	75.0	5.5	100.0	8.92	100.0	10.5	100.0	7.92	100.0	3.93	92.0	1.26	100.0	2.25
	progressive	76.0	59.0	5.32	91.0	17.97	100.0	20.12	100.0	17.34	99.0	7.38	99.0	2.07	99.0	2.08
	rare	11.0	91.0	4.72	91.0	5.3	100.0	13.91	100.0	11.27	100.0	5.24	100.0	1.4	100.0	2.55
	rehab	59.0	63.0	4.79	83.0	7.37	100.0	17.61	100.0	15.58	98.0	6.4	97.0	2.34	100.0	2.1
	symptoms	32.0	63.0	4.94	88.0	21.93	100.0	31.0	100.0	27.72	100.0	10.98	97.0	3.45	100.0	2.06
	vaccines	0.0	0.0	0.0	0.0	0.0	0.0	0.0	0.0	0.0	0.0	0.0	0.0	0.0	0.0	0.0
2020 	 italy	num_of_pub	perc_if	av_if	perc_alt	av_alt	perc_cit	av_cit	perc_reccit	av_reccit	perc_fcr	av_fcr	perc_rcr	av_rcr	perc_cima	av_cima
	any	745.0	67.0	5.23	89.0	14.4	100.0	12.11	100.0	12.01	97.0	6.41	89.0	2.33	95.0	2.03
	covid	41.0	71.0	4.56	93.0	18.95	100.0	30.59	100.0	30.59	93.0	18.59	98.0	5.08	88.0	1.69
	data_sharing	5.0	100.0	5.23	100.0	11.8	100.0	14.4	100.0	14.4	100.0	7.51	100.0	2.47	80.0	2.0
	diet	18.0	39.0	5.95	94.0	28.12	100.0	34.56	100.0	34.56	100.0	17.27	94.0	6.73	83.0	1.87
	digital	3.0	100.0	4.26	100.0	13.67	100.0	8.67	100.0	8.67	67.0	7.69	67.0	2.35	67.0	2.0
	exercise	42.0	69.0	3.5	98.0	5.44	100.0	7.14	100.0	7.1	100.0	4.54	81.0	2.2	98.0	1.83
	pediatric	32.0	72.0	5.74	91.0	9.48	100.0	10.38	100.0	10.28	100.0	5.18	91.0	1.86	81.0	2.77
	personalized_medicine	11.0	73.0	4.26	91.0	3.5	100.0	7.64	100.0	7.55	100.0	3.54	91.0	1.79	100.0	1.73
	prevention	15.0	47.0	4.84	80.0	67.0	93.0	18.0	93.0	18.0	93.0	9.85	93.0	3.23	93.0	2.21
	progressive	112.0	66.0	6.22	93.0	17.89	99.0	15.82	99.0	15.68	97.0	8.54	97.0	2.51	96.0	2.31
	rare	13.0	62.0	5.32	85.0	7.36	100.0	7.0	100.0	6.92	100.0	3.14	77.0	1.47	100.0	2.46
	rehab	83.0	67.0	4.46	90.0	8.21	100.0	11.67	100.0	11.55	99.0	6.6	92.0	2.53	98.0	2.1
	symptoms	37.0	57.0	4.91	89.0	8.36	100.0	8.41	100.0	8.11	100.0	3.45	92.0	1.78	100.0	1.81
	vaccines	1.0	100.0	4.34	100.0	3.0	100.0	8.0	100.0	8.0	100.0	2.62	100.0	1.07	100.0	2.0
2021 	 italy	num_of_pub	perc_if	av_if	perc_alt	av_alt	perc_cit	av_cit	perc_reccit	av_reccit	perc_fcr	av_fcr	perc_rcr	av_rcr	perc_cima	av_cima
	any	769.0	61.0	5.59	95.0	13.75	100.0	5.11	100.0	5.11	20.0	4.68	8.0	5.75	95.0	2.14
	covid	76.0	75.0	4.99	97.0	25.66	100.0	13.28	100.0	13.28	14.0	17.94	14.0	10.43	93.0	2.11
	data_sharing	3.0	67.0	6.3	100.0	20.33	100.0	0.67	100.0	0.67	0.0	0.0	0.0	0.0	67.0	4.0
	diet	22.0	77.0	7.37	100.0	35.73	100.0	29.32	100.0	29.32	32.0	10.13	23.0	8.75	100.0	2.55
	digital	3.0	100.0	5.11	100.0	15.67	100.0	12.0	100.0	12.0	33.0	13.8	33.0	6.74	100.0	2.67
	exercise	22.0	64.0	4.42	100.0	8.59	100.0	1.59	100.0	1.59	9.0	2.38	0.0	0.0	100.0	1.86
	pediatric	42.0	43.0	6.39	95.0	16.73	100.0	4.38	100.0	4.38	14.0	2.76	2.0	3.35	86.0	2.61
	personalized_medicine	6.0	83.0	5.44	100.0	4.67	100.0	4.83	100.0	4.83	17.0	0.65	0.0	0.0	100.0	1.83
	prevention	24.0	58.0	5.93	96.0	11.13	96.0	5.39	96.0	5.39	13.0	11.28	13.0	5.98	96.0	1.96
	progressive	92.0	63.0	6.71	91.0	17.36	100.0	4.84	100.0	4.83	30.0	4.27	11.0	5.13	96.0	2.27
	rare	20.0	45.0	4.08	90.0	5.78	100.0	1.05	100.0	1.05	15.0	0.6	0.0	0.0	95.0	2.16
	rehab	69.0	64.0	4.85	96.0	15.27	100.0	2.58	100.0	2.58	19.0	1.51	1.0	3.86	96.0	2.38
	symptoms	25.0	56.0	6.28	92.0	7.87	100.0	3.6	100.0	3.6	20.0	2.1	4.0	2.25	92.0	2.13
	vaccines	1.0	100.0	6.45	100.0	1.0	100.0	0.0	100.0	0.0	0.0	0.0	0.0	0.0	100.0	1.0
